30
5 4 9 2 2 4 1 8 2 7 6 7 10 10 6 5 2 5 9 10 1 5 1 4 5 2 3 4 8 7
1 14 29 30 2 8
2 1 5 15 30
3 22 28 11 13 21 16 18 19 20
4 8 10
5 2 8
6 8 10 12 15
7 19
8 28 4 25 6 1 5 10 15
9 16 18
10 4 25 6 24 8 18 26
11 13 14 19 20 29 3
12 13 25 6 24 18 19 20
13 23 22 11 12 14 19 20 29 30 3
14 22 28 11 13 25 19 20 29 30 1
15 25 6 24 8 30 2
16 3 24 9 18 30
17 29 30
18 3 12 9 10 16
19 22 11 13 14 3 12 27 7 20
20 22 28 11 13 14 3 12 27 29 19
21 3
22 14 20 3 13 19
23 13
24 10 12 15 16
25 8 10 12 14 15
26 29 10
27 19 20 29
28 14 20 3 8
29 11 13 14 1 17 27 20 26
30 13 14 1 17 15 2 16
