50
4 1 11 13 6 9 8 7 24 23 7 14 19 2 1 12 17 13 25 11 11 21 23 9 23 15 16 15 24 14 24 20 23 7 19 14 16 20 4 19 18 7 2 2 6 4 23 20 5 5
1 47 3 42 12
2 33
3 18 8 25 33 14 5 19 47 1 9 10
4 36 24 18 8 37 33 39 12 19 20 23 27 30
5 3 9 10 12 19 20
6 37 33 39 35 38 41 42 47 48
7 33 47 9 10 19 23 25 31
8 47 48 3 4 9 10 12
9 21 29 45 40 22 46 16 28 11 7 17 36 24 18 8 37 33 39 5 19 48 3 42 10
10 21 29 45 40 22 16 28 11 7 17 36 24 18 8 37 33 39 5 19 48 3 9 23
11 47 9 10 19 23 25 31
12 29 36 24 18 8 37 33 4 5 20 48 27 1 41
13 29 40 22 16 28 17 36 24 18 25 26 27 30 32 33 35 37 38 41
14 48 3
15 19
16 47 9 10 19 23 25 31 33 38 48 13 32
17 29 40 22 9 10 13 19 23 25 31 32 33 35 36 37 38 41
18 36 24 47 48 3 4 9 10 12 13 19 20 23
19 21 29 45 40 15 22 46 16 28 11 7 17 36 31 18 34 37 33 4 5 47 48 3 9 10
20 18 34 37 32 4 5 12 23 27 35 38
21 19 9 29 31 10 23 25 33 47 22 32
22 21 29 40 9 19 31 33 47 10 23 25 38 48 13 32 35 41 17 26 27 28
23 21 29 45 40 22 16 28 11 7 17 36 31 18 34 37 32 4 30 20 48 27 10 43
24 41 47 48 4 9 10 12 13 18
25 21 29 45 40 22 16 28 11 7 17 36 31 13 34 32 33 35 37 38 41 47 48 3
26 29 22 36 31 13 34 37 27 30 32 33 35 38 41 47
27 29 40 22 36 31 13 34 26 32 4 30 20 38 12 23 35
28 29 22 47 9 10 19 23 25 31 33 35 38 48 13 32
29 21 19 9 31 10 23 25 33 47 22 38 48 13 32 35 40 41 17 27 37 26 28 12 30
30 29 50 31 13 34 26 32 4 23 27 35 38 41 42
31 21 29 45 40 22 46 16 28 11 7 17 50 19 23 25 26 27 30 32 33 35 37 38 41
32 21 29 40 22 16 28 17 50 31 13 25 26 20 23 27 30 35 38 41 47
33 21 29 40 22 46 16 28 7 2 17 50 31 13 25 26 48 3 4 6 9 10 12 19
34 19 20 23 25 26 27 30
35 29 40 22 28 49 17 50 31 13 25 26 32 6 30 20 38 27 41 43
36 17 47 48 4 9 10 12 13 18 19 23 25 26 27
37 29 40 17 44 31 13 25 4 6 9 10 12 19 20 23 26
38 29 40 22 16 28 49 17 44 31 13 25 26 32 6 30 20 27 35 41 42
39 4 6 9 10
40 29 19 9 31 33 47 10 23 25 22 38 48 13 32 35 41 17 27 37
41 29 40 22 49 17 24 31 13 25 26 32 6 30 47 38 42 35 12
42 6 30 47 38 41 1 9
43 35 23
44 37 38
45 19 9 31 10 23 25
46 9 19 31 33
47 21 29 40 22 16 28 11 7 49 36 24 18 8 25 26 32 6 19 41 42 48 1 3
48 29 40 22 16 28 49 36 24 18 8 25 33 14 6 19 47 9 10 12 23
49 35 38 41 47 48
50 30 31 32 33 35
