50
4 1 11 13 6 9 8 7 24 23 7 14 19 2 1 12 17 13 25 11 11 21 23 9 23 15 16 15 24 14 24 20 23 7 19 14 16 20 4 19 18 7 2 2 6 4 23 20 5 5
1 22 11 48 40
2 42
3 39 50 34 10 28 36 4 19 48 41 40
4 3 21 16 37 28 25 23 31 10 22 40 19 47
5 29 27 12 31 25 48
6 20 19 13 26 33 22 40 32 30
7 30 24 36 33 29 25 35 10
8 15 39 13 45 30 21 29
9 46 42 45 24 12 40 48 28 27 37 13 41 31 29 33 19 38 10 22 32 23 25 17 47
10 7 3 26 30 35 4 12 36 40 28 27 37 13 33 19 38 47 9 25 32 23 17 22
11 1 31 29 20 35 13 19
12 5 34 24 30 18 23 31 38 48 33 28 10 41 9
13 8 11 21 6 16 30 40 48 27 33 25 31 23 17 10 32 9 47 19
14 39 29
15 8
16 44 24 20 19 48 47 31 30 13 33 4 22
17 48 27 37 13 41 31 29 33 19 38 10 22 32 23 25 9 47
18 26 35 12 22 41 48 25 19 40 36 29 33 37
19 46 49 11 34 3 6 16 30 4 18 36 48 28 37 13 29 17 25 47 9 22 10 38 23 32
20 45 11 21 37 23 35 6 38 29 26 16
21 49 8 34 23 4 13 31 27 22 20 29
22 1 21 6 16 30 4 18 40 28 27 41 33 19 38 10 9 47 32 23 25 17
23 42 34 21 20 4 12 36 27 37 13 41 31 29 33 19 38 10 22 32 25 9 47 17
24 7 9 35 29 12 33 16 31 48
25 49 5 7 35 4 18 40 27 37 13 41 31 29 33 19 38 10 22 32 23 9 17 47
26 46 42 34 20 6 31 40 18 38 30 35 37 47 33 10
27 5 21 35 36 40 48 28 13 22 10 38 9 25 23 17 47
28 3 35 4 12 36 10 22 27 37 29 19 31 33 9 47
29 14 46 50 8 5 11 7 21 24 20 18 36 28 37 31 17 47 9 19 33 32 38 25 23
30 8 7 6 16 26 41 19 32 22 48 12 35 10 13
31 42 5 11 21 24 16 26 4 12 36 40 48 28 13 41 38 33 25 47 29 23 17 32 9
32 50 6 30 36 48 37 13 41 31 29 33 19 38 10 22 9 47 25 23 17
33 7 24 6 16 26 35 12 18 40 48 28 13 41 31 29 32 23 22 47 9 25 17 10
34 35 12 3 21 19 26 23
35 43 49 45 11 34 7 24 20 26 30 48 25 27 40 18 10 33 28 41
36 43 7 3 18 10 23 27 28 32 19 31 47 29 41
37 45 20 26 4 18 28 9 19 29 10 41 47 32 23 17 25
38 49 45 20 26 12 40 48 27 41 31 29 19 9 17 47 25 22 32 10 23
39 14 8 48 3
40 1 50 42 3 6 26 35 4 18 13 47 31 33 22 9 25 10 27 38
41 3 30 35 12 18 36 48 37 33 31 23 9 22 17 32 38 25 47
42 2 50 9 26 40 23 31
43 36 35
44 16 47
45 8 35 20 37 38 9
46 29 19 9 26
47 44 16 26 4 36 40 28 27 37 13 41 31 29 33 19 38 10 22 32 23 25 17 9
48 39 1 5 3 24 16 30 35 12 18 33 31 9 27 19 41 38 17 32 13
49 19 21 25 35 38
50 42 32 3 29 40
