50
4 1 11 13 6 9 8 7 24 23 7 14 19 2 1 12 17 13 25 11 11 21 23 9 23 15 16 15 24 14 24 20 23 7 19 14 16 20 4 19 18 7 2 2 6 4 23 20 5 5
1 26 49 10 7
2 3
3 2 9 33 19 47 28 10 38 23 4 22
4 3 27 42 37 32 19 22 48 12 29 40 47 34
5 26 18 6 29 25 35
6 5 31 26 19 22 21 48 32 8
7 1 9 33 31 21 40 41 20
8 6 22 23 31 25 18 19
9 3 7 18 23 27 38 32 10 33 35 41 29 31 25 48 16 36 47 45 40 43 19 22 24
10 1 3 9 30 33 23 48 47 19 28 13 36 34 42 26 16 21 45 37 40 17 29 20
11 33 27 18 17 35 48 19
12 4 40 24 23 31 36 26 32 48 49 50 38 47 25
13 10 40 27 33 35 22 41 34 20 18 38 37 23 25 17 19 16 28 39
14 32 21
15 48
16 9 10 13 29 40 31 18 36 48 28 50 23
17 10 11 13 23 38 24 36 35 26 37 47 41 31 25 33 46 30
18 5 8 9 11 13 16 23 43 31 47 40 22 30
19 3 4 6 8 9 10 11 13 30 23 47 40 20 28 27 42 36 22 25 37 38 33 35 29 26
20 7 10 13 19 44 41 28 32 33 31 27
21 6 7 10 14 33 23 26 32 47 31 30
22 3 4 6 8 9 13 18 19 40 25 46 32 48 47 49 41 26 44 23 33 30
23 3 8 9 10 12 13 16 17 18 19 21 22 37 31 25 38 27 32 48 35 36 29 26
24 9 12 17 48 32 29 37 35 28
25 5 8 9 12 13 17 19 22 23 45 36 41 38 34 47 30 48 29 37 40 33 26 35
26 1 5 6 10 12 17 19 21 22 23 25 27 31 47 34
27 4 9 11 13 19 20 23 26 41 32 31 48 38 47 28 34
28 3 10 13 16 19 20 24 27 41 38 36 39 29 35 30
29 4 5 9 10 16 19 23 24 25 28 31 48 30 38 49 36 45 35 41 33 37 46 34 47
30 10 17 18 19 21 22 25 28 29 36 42 45 37 38
31 6 7 8 9 12 16 17 18 20 21 23 26 27 29 38 47 32 36 39 42 35 45 40 33
32 4 6 9 12 14 20 21 22 23 24 27 31 40 49 38 41 39 50 33 47
33 3 7 9 10 11 13 17 19 20 21 22 25 29 31 32 37 42 40 46 36 38 48 41
34 4 10 13 25 26 27 29
35 5 9 11 13 17 19 23 24 25 28 29 31 50 41 38 37 47 48 40
36 9 10 12 16 17 19 23 25 28 29 30 31 33 47
37 4 10 13 17 19 23 24 25 29 30 33 35 42 41 48 38
38 3 9 12 13 17 19 23 25 27 28 29 30 31 32 33 35 37 47 41 40
39 13 28 31 32
40 4 7 9 10 12 13 16 18 19 22 25 31 32 33 35 38 41 47 48
41 7 9 13 17 20 22 25 27 28 29 32 33 35 37 38 40 48 47
42 4 10 19 30 31 33 37
43 9 18
44 20 22
45 9 10 25 29 30 31
46 17 22 29 33
47 3 4 9 10 12 17 18 19 21 22 25 26 27 29 31 32 35 36 38 40 41 50 48
48 4 6 9 10 11 12 15 16 22 23 24 25 27 29 33 35 37 40 41 47
49 1 12 22 29 32
50 12 16 32 35 47
