50
4 1 11 13 6 9 8 7 24 23 7 14 19 2 1 12 17 13 25 11 11 21 23 9 23 15 16 15 24 14 24 20 23 7 19 14 16 20 4 19 18 7 2 2 6 4 23 20 5 5
1 13 10 28 29
2 3
3 2 14 6 4 19 10 18 38 9 16 48
4 50 34 30 3 20 28 41 35 26 9 16 22 38
5 43 34 40 18 31 28
6 20 33 19 23 22 26 31 3 48
7 29 25 48 19 47 36 23 37
8 12 32 38 36 19 35 25
9 49 45 42 24 30 3 20 4 21 36 17 26 37 48 13 35 22 27 38 25 31 47 10 33
10 1 3 18 16 21 12 17 26 48 22 9 25 41 38 32 23 27 40 29 19 47 33 31
11 49 27 17 48 22 20 41
12 45 8 30 21 40 13 29 17 25 31 23 35 33 10
13 1 34 28 16 12 36 17 26 48 32 9 25 23 35 41 47 29 27 22
14 32 3
15 28
16 3 4 13 25 27 38 33 31 23 26 10 32
17 46 49 11 34 28 12 10 27 32 23 25 9 19 26 13 33 40
18 50 5 24 3 23 37 29 31 32 10 48 25 35
19 45 34 8 7 24 6 3 20 28 36 17 26 37 25 41 38 32 23 27 40 29 33 31 47 10
20 11 42 6 37 19 41 23 25 9 31 4
21 9 23 32 47 12 29 48 10 31 36 40
22 39 11 42 24 30 6 4 36 26 37 48 13 35 10 9 31 47 40 38 29 33
23 39 42 7 6 20 18 16 21 12 17 37 13 35 25 38 33 19 31 40 27 47 29 10
24 50 18 33 9 41 22 30 19 47
25 49 8 7 20 18 28 16 12 17 26 37 48 13 35 9 41 23 33 40 19 31 47 10
26 6 4 16 36 17 13 41 10 22 19 40 48 25 37 9
27 11 28 16 17 13 9 41 32 23 40 33 19 31 10 29 47
28 15 44 1 46 5 4 13 27 35 47 33 17 25 38 19
29 1 46 50 34 7 30 18 21 12 36 48 13 35 22 38 32 23 27 40 19 31 33 47 10
30 43 44 39 46 34 24 9 29 48 36 4 38 12 22
31 5 6 20 18 16 21 12 36 37 35 22 9 25 41 38 32 23 27 40 29 19 10 33 47
32 14 8 42 18 16 21 17 37 48 13 35 38 10 27 19 47 40 31 33 29
33 45 24 6 28 16 12 36 17 35 22 9 25 41 38 32 23 27 40 29 19 10 47 31
34 5 4 29 13 19 30 17
35 50 8 4 18 28 12 36 37 48 13 32 25 23 29 22 33 9 47 31
36 8 7 30 21 33 35 31 19 29 9 47 22 26 13
37 42 7 20 18 26 38 23 31 19 35 32 47 9 25 22 41
38 8 42 30 3 4 28 16 37 48 22 9 41 23 29 10 33 47 32 19 31
39 22 23 30 48
40 49 5 45 21 12 17 26 22 25 41 32 23 27 19 10 47 33 31 29
41 45 11 24 20 4 26 37 48 13 25 40 33 38 31 19 27 47 10
42 20 32 23 37 22 9 38
43 30 5
44 30 28
45 33 9 12 41 19 40
46 28 29 17 30
47 7 24 28 21 36 37 48 13 35 22 9 25 41 38 32 23 27 40 29 19 10 33 31
48 39 11 7 30 6 3 18 21 26 10 47 9 35 32 41 13 38 29 22 25
49 40 11 25 9 17
50 29 24 35 4 18
