50
4 1 11 13 6 9 8 7 24 23 7 14 19 2 1 12 17 13 25 11 11 21 23 9 23 15 16 15 24 14 24 20 23 7 19 14 16 20 4 19 18 7 2 2 6 4 23 20 5 5
1 19 10 23 29
2 48
3 23 26 28 30 31 32 33 35 36 37 38
4 19 9 23 25 29 31 33 47 10 22 32 38 48
5 33 35 48 49 7 8
6 38 40 48 10 13 16 17 19 22
7 21 31 33 35 5 45 48 19
8 31 33 35 5 19 24 28
9 50 4 25 11 19 10 23 29 31 33 47 22 13 32 35 38 40 48 41 17 27 37 26 28
10 50 4 25 9 12 41 18 1 27 47 39 6 42 32 13 21 31 15 35 20 34 36 37
11 19 9 23 29 31 33 47
12 25 19 10 23 29 31 33 47 22 13 32 35 38 40
13 25 9 12 41 18 27 47 6 42 32 40 48 10 16 17 19 20 21 22
14 48 49
15 10
16 6 42 32 13 21 24 28 30 31 33 35 36
17 25 9 41 27 29 6 42 32 13 21 31 19 20 22 24 28 30
18 19 10 23 29 31 33 47 22 48 13 32 35 38
19 50 4 25 11 9 12 41 18 1 27 47 39 29 6 42 32 13 21 43 17 35 20 8 7 36
20 26 32 13 21 43 17 30 10 19 24 28
21 26 38 13 48 7 10 16 17 19 20 22
22 4 25 9 12 41 18 27 47 29 6 26 38 13 21 40 17 34 35 36 37 45
23 4 25 11 9 12 41 18 1 27 47 29 3 26 38 24 28 30 31 33 35 36 37 40
24 23 16 40 17 30 20 8 37 49
25 4 19 9 23 29 31 33 47 10 22 13 32 35 38 40 48 41 17 27 37 26 28 12
26 25 9 29 3 20 21 22 23 28 30 31 32 33 35 36
27 25 9 41 19 31 33 47 10 22 23 29 40 48 13 17 30
28 25 9 29 3 26 38 23 16 40 17 30 20 8 48 49
29 50 4 25 11 9 12 41 18 1 27 47 17 19 22 23 26 28 30 31 32 33 35 36 37
30 27 29 3 26 38 23 16 40 17 20 24 28 34 36
31 50 4 25 11 9 12 41 18 27 47 39 29 3 26 38 23 16 37 40 48 7 8 10 17
32 4 25 9 12 41 18 47 29 3 26 37 38 40 48 10 13 16 17 19 20
33 4 25 11 9 12 41 18 27 47 39 29 3 26 38 23 16 40 36 37 48 5 7 8
34 40 22 30 10 46 37 36
35 25 9 12 41 18 47 29 3 26 38 23 16 40 22 5 7 8 10 19
36 47 29 3 26 38 23 16 33 22 30 10 46 19 34
37 25 9 47 29 3 32 38 23 31 33 22 44 10 46 24 34
38 4 25 9 12 41 18 47 6 3 32 21 22 23 28 30 31 33 35 36 37
39 19 31 33 10
40 25 9 12 41 27 47 6 42 32 13 23 31 22 24 28 30 33 34 35
41 25 9 19 10 23 29 31 33 47 22 48 13 32 35 38 40 17 27
42 40 48 10 13 16 17 19
43 19 20
44 37 45
45 22 44 46 48 49 7
46 45 34 36 37
47 4 25 11 9 12 41 18 27 19 31 33 10 22 23 29 32 35 36 37 38 40 48 13
48 4 25 9 41 18 27 47 6 42 32 13 21 31 33 2 5 45 28 7 14
49 5 45 28 14 24
50 19 9 29 31 10
